   1.00000000       1.00000000       1.00000000    
   1.00000000       1.20000005       1.20000005    
   1.00000000       1.40000010       1.40000010    
   1.00000000       1.60000014       1.60000014    
   1.00000000       1.80000019       1.80000019    
   1.00000000       2.00000024       2.00000024    
   1.00000000       2.20000029       2.20000029    
   1.00000000       2.40000033       2.40000033    
   1.00000000       2.60000038       2.60000038    
   1.00000000       2.80000043       2.80000043    
   1.00000000       3.00000048       3.00000048    
   1.00000000       3.20000052       3.20000052    
   1.00000000       3.40000057       3.40000057    
   1.00000000       3.60000062       3.60000062    
   1.00000000       3.80000067       3.80000067    
   1.00000000       4.00000048       4.00000048    
   1.00000000       4.20000029       4.20000029    
   1.00000000       4.40000010       4.40000010    
   1.00000000       4.59999990       4.59999990    
   1.00000000       4.79999971       4.79999971    
   1.00000000       4.99999952       4.99999952    
   1.00000000       5.19999933       5.19999933    
   1.00000000       5.39999914       5.39999914    
   1.00000000       5.59999895       5.59999895    
   1.00000000       5.79999876       5.79999876    
   1.00000000       5.99999857       5.99999857    
   1.50000000       1.00000000       1.50000000    
   1.50000000       1.20000005       1.80000007    
   1.50000000       1.40000010       2.10000014    
   1.50000000       1.60000014       2.40000010    
   1.50000000       1.80000019       2.70000029    
   1.50000000       2.00000024       3.00000048    
   1.50000000       2.20000029       3.30000043    
   1.50000000       2.40000033       3.60000038    
   1.50000000       2.60000038       3.90000057    
   1.50000000       2.80000043       4.20000076    
   1.50000000       3.00000048       4.50000095    
   1.50000000       3.20000052       4.80000067    
   1.50000000       3.40000057       5.10000086    
   1.50000000       3.60000062       5.40000105    
   1.50000000       3.80000067       5.70000076    
   1.50000000       4.00000048       6.00000095    
   1.50000000       4.20000029       6.30000019    
   1.50000000       4.40000010       6.60000038    
   1.50000000       4.59999990       6.89999962    
   1.50000000       4.79999971       7.19999981    
   1.50000000       4.99999952       7.49999905    
   1.50000000       5.19999933       7.79999924    
   1.50000000       5.39999914       8.09999847    
   1.50000000       5.59999895       8.39999866    
   1.50000000       5.79999876       8.69999790    
   1.50000000       5.99999857       8.99999809    
   2.00000000       1.00000000       2.00000000    
   2.00000000       1.20000005       2.40000010    
   2.00000000       1.40000010       2.80000019    
   2.00000000       1.60000014       3.20000029    
   2.00000000       1.80000019       3.60000038    
   2.00000000       2.00000024       4.00000048    
   2.00000000       2.20000029       4.40000057    
   2.00000000       2.40000033       4.80000067    
   2.00000000       2.60000038       5.20000076    
   2.00000000       2.80000043       5.60000086    
   2.00000000       3.00000048       6.00000095    
   2.00000000       3.20000052       6.40000105    
   2.00000000       3.40000057       6.80000114    
   2.00000000       3.60000062       7.20000124    
   2.00000000       3.80000067       7.60000134    
   2.00000000       4.00000048       8.00000095    
   2.00000000       4.20000029       8.40000057    
   2.00000000       4.40000010       8.80000019    
   2.00000000       4.59999990       9.19999981    
   2.00000000       4.79999971       9.59999943    
   2.00000000       4.99999952       9.99999905    
   2.00000000       5.19999933       10.3999987    
   2.00000000       5.39999914       10.7999983    
   2.00000000       5.59999895       11.1999979    
   2.00000000       5.79999876       11.5999975    
   2.00000000       5.99999857       11.9999971    
   2.50000000       1.00000000       2.50000000    
   2.50000000       1.20000005       3.00000000    
   2.50000000       1.40000010       3.50000024    
   2.50000000       1.60000014       4.00000048    
   2.50000000       1.80000019       4.50000048    
   2.50000000       2.00000024       5.00000048    
   2.50000000       2.20000029       5.50000095    
   2.50000000       2.40000033       6.00000095    
   2.50000000       2.60000038       6.50000095    
   2.50000000       2.80000043       7.00000095    
   2.50000000       3.00000048       7.50000095    
   2.50000000       3.20000052       8.00000095    
   2.50000000       3.40000057       8.50000191    
   2.50000000       3.60000062       9.00000191    
   2.50000000       3.80000067       9.50000191    
   2.50000000       4.00000048       10.0000010    
   2.50000000       4.20000029       10.5000010    
   2.50000000       4.40000010       11.0000000    
   2.50000000       4.59999990       11.5000000    
   2.50000000       4.79999971       11.9999990    
   2.50000000       4.99999952       12.4999990    
   2.50000000       5.19999933       12.9999981    
   2.50000000       5.39999914       13.4999981    
   2.50000000       5.59999895       13.9999971    
   2.50000000       5.79999876       14.4999971    
   2.50000000       5.99999857       14.9999962    
   3.00000000       1.00000000       3.00000000    
   3.00000000       1.20000005       3.60000014    
   3.00000000       1.40000010       4.20000029    
   3.00000000       1.60000014       4.80000019    
   3.00000000       1.80000019       5.40000057    
   3.00000000       2.00000024       6.00000095    
   3.00000000       2.20000029       6.60000086    
   3.00000000       2.40000033       7.20000076    
   3.00000000       2.60000038       7.80000114    
   3.00000000       2.80000043       8.40000153    
   3.00000000       3.00000048       9.00000191    
   3.00000000       3.20000052       9.60000134    
   3.00000000       3.40000057       10.2000017    
   3.00000000       3.60000062       10.8000021    
   3.00000000       3.80000067       11.4000015    
   3.00000000       4.00000048       12.0000019    
   3.00000000       4.20000029       12.6000004    
   3.00000000       4.40000010       13.2000008    
   3.00000000       4.59999990       13.7999992    
   3.00000000       4.79999971       14.3999996    
   3.00000000       4.99999952       14.9999981    
   3.00000000       5.19999933       15.5999985    
   3.00000000       5.39999914       16.1999969    
   3.00000000       5.59999895       16.7999973    
   3.00000000       5.79999876       17.3999958    
   3.00000000       5.99999857       17.9999962    
   3.50000000       1.00000000       3.50000000    
   3.50000000       1.20000005       4.20000029    
   3.50000000       1.40000010       4.90000057    
   3.50000000       1.60000014       5.60000038    
   3.50000000       1.80000019       6.30000067    
   3.50000000       2.00000024       7.00000095    
   3.50000000       2.20000029       7.70000076    
   3.50000000       2.40000033       8.40000153    
   3.50000000       2.60000038       9.10000134    
   3.50000000       2.80000043       9.80000114    
   3.50000000       3.00000048       10.5000019    
   3.50000000       3.20000052       11.2000017    
   3.50000000       3.40000057       11.9000015    
   3.50000000       3.60000062       12.6000023    
   3.50000000       3.80000067       13.3000021    
   3.50000000       4.00000048       14.0000019    
   3.50000000       4.20000029       14.7000008    
   3.50000000       4.40000010       15.4000006    
   3.50000000       4.59999990       16.1000004    
   3.50000000       4.79999971       16.7999992    
   3.50000000       4.99999952       17.4999981    
   3.50000000       5.19999933       18.1999969    
   3.50000000       5.39999914       18.8999977    
   3.50000000       5.59999895       19.5999966    
   3.50000000       5.79999876       20.2999954    
   3.50000000       5.99999857       20.9999943    
   4.00000000       1.00000000       4.00000000    
   4.00000000       1.20000005       4.80000019    
   4.00000000       1.40000010       5.60000038    
   4.00000000       1.60000014       6.40000057    
   4.00000000       1.80000019       7.20000076    
   4.00000000       2.00000024       8.00000095    
   4.00000000       2.20000029       8.80000114    
   4.00000000       2.40000033       9.60000134    
   4.00000000       2.60000038       10.4000015    
   4.00000000       2.80000043       11.2000017    
   4.00000000       3.00000048       12.0000019    
   4.00000000       3.20000052       12.8000021    
   4.00000000       3.40000057       13.6000023    
   4.00000000       3.60000062       14.4000025    
   4.00000000       3.80000067       15.2000027    
   4.00000000       4.00000048       16.0000019    
   4.00000000       4.20000029       16.8000011    
   4.00000000       4.40000010       17.6000004    
   4.00000000       4.59999990       18.3999996    
   4.00000000       4.79999971       19.1999989    
   4.00000000       4.99999952       19.9999981    
   4.00000000       5.19999933       20.7999973    
   4.00000000       5.39999914       21.5999966    
   4.00000000       5.59999895       22.3999958    
   4.00000000       5.79999876       23.1999950    
   4.00000000       5.99999857       23.9999943    
   4.50000000       1.00000000       4.50000000    
   4.50000000       1.20000005       5.40000010    
   4.50000000       1.40000010       6.30000019    
   4.50000000       1.60000014       7.20000076    
   4.50000000       1.80000019       8.10000038    
   4.50000000       2.00000024       9.00000095    
   4.50000000       2.20000029       9.90000153    
   4.50000000       2.40000033       10.8000011    
   4.50000000       2.60000038       11.7000017    
   4.50000000       2.80000043       12.6000023    
   4.50000000       3.00000048       13.5000019    
   4.50000000       3.20000052       14.4000025    
   4.50000000       3.40000057       15.3000031    
   4.50000000       3.60000062       16.2000027    
   4.50000000       3.80000067       17.1000023    
   4.50000000       4.00000048       18.0000019    
   4.50000000       4.20000029       18.9000015    
   4.50000000       4.40000010       19.8000011    
   4.50000000       4.59999990       20.6999989    
   4.50000000       4.79999971       21.5999985    
   4.50000000       4.99999952       22.4999981    
   4.50000000       5.19999933       23.3999977    
   4.50000000       5.39999914       24.2999954    
   4.50000000       5.59999895       25.1999950    
   4.50000000       5.79999876       26.0999947    
   4.50000000       5.99999857       26.9999943    
   5.00000000       1.00000000       5.00000000    
   5.00000000       1.20000005       6.00000000    
   5.00000000       1.40000010       7.00000048    
   5.00000000       1.60000014       8.00000095    
   5.00000000       1.80000019       9.00000095    
   5.00000000       2.00000024       10.0000010    
   5.00000000       2.20000029       11.0000019    
   5.00000000       2.40000033       12.0000019    
   5.00000000       2.60000038       13.0000019    
   5.00000000       2.80000043       14.0000019    
   5.00000000       3.00000048       15.0000019    
   5.00000000       3.20000052       16.0000019    
   5.00000000       3.40000057       17.0000038    
   5.00000000       3.60000062       18.0000038    
   5.00000000       3.80000067       19.0000038    
   5.00000000       4.00000048       20.0000019    
   5.00000000       4.20000029       21.0000019    
   5.00000000       4.40000010       22.0000000    
   5.00000000       4.59999990       23.0000000    
   5.00000000       4.79999971       23.9999981    
   5.00000000       4.99999952       24.9999981    
   5.00000000       5.19999933       25.9999962    
   5.00000000       5.39999914       26.9999962    
   5.00000000       5.59999895       27.9999943    
   5.00000000       5.79999876       28.9999943    
   5.00000000       5.99999857       29.9999924    
   5.50000000       1.00000000       5.50000000    
   5.50000000       1.20000005       6.60000038    
   5.50000000       1.40000010       7.70000076    
   5.50000000       1.60000014       8.80000114    
   5.50000000       1.80000019       9.90000153    
   5.50000000       2.00000024       11.0000010    
   5.50000000       2.20000029       12.1000013    
   5.50000000       2.40000033       13.2000017    
   5.50000000       2.60000038       14.3000021    
   5.50000000       2.80000043       15.4000025    
   5.50000000       3.00000048       16.5000019    
   5.50000000       3.20000052       17.6000023    
   5.50000000       3.40000057       18.7000027    
   5.50000000       3.60000062       19.8000031    
   5.50000000       3.80000067       20.9000034    
   5.50000000       4.00000048       22.0000019    
   5.50000000       4.20000029       23.1000023    
   5.50000000       4.40000010       24.2000008    
   5.50000000       4.59999990       25.2999992    
   5.50000000       4.79999971       26.3999977    
   5.50000000       4.99999952       27.4999981    
   5.50000000       5.19999933       28.5999966    
   5.50000000       5.39999914       29.6999950    
   5.50000000       5.59999895       30.7999935    
   5.50000000       5.79999876       31.8999939    
   5.50000000       5.99999857       32.9999924    
   6.00000000       1.00000000       6.00000000    
   6.00000000       1.20000005       7.20000029    
   6.00000000       1.40000010       8.40000057    
   6.00000000       1.60000014       9.60000038    
   6.00000000       1.80000019       10.8000011    
   6.00000000       2.00000024       12.0000019    
   6.00000000       2.20000029       13.2000017    
   6.00000000       2.40000033       14.4000015    
   6.00000000       2.60000038       15.6000023    
   6.00000000       2.80000043       16.8000031    
   6.00000000       3.00000048       18.0000038    
   6.00000000       3.20000052       19.2000027    
   6.00000000       3.40000057       20.4000034    
   6.00000000       3.60000062       21.6000042    
   6.00000000       3.80000067       22.8000031    
   6.00000000       4.00000048       24.0000038    
   6.00000000       4.20000029       25.2000008    
   6.00000000       4.40000010       26.4000015    
   6.00000000       4.59999990       27.5999985    
   6.00000000       4.79999971       28.7999992    
   6.00000000       4.99999952       29.9999962    
   6.00000000       5.19999933       31.1999969    
   6.00000000       5.39999914       32.3999939    
   6.00000000       5.59999895       33.5999947    
   6.00000000       5.79999876       34.7999916    
   6.00000000       5.99999857       35.9999924    
   6.50000000       1.00000000       6.50000000    
   6.50000000       1.20000005       7.80000019    
   6.50000000       1.40000010       9.10000038    
   6.50000000       1.60000014       10.4000006    
   6.50000000       1.80000019       11.7000008    
   6.50000000       2.00000024       13.0000019    
   6.50000000       2.20000029       14.3000021    
   6.50000000       2.40000033       15.6000023    
   6.50000000       2.60000038       16.9000015    
   6.50000000       2.80000043       18.2000027    
   6.50000000       3.00000048       19.5000038    
   6.50000000       3.20000052       20.8000031    
   6.50000000       3.40000057       22.1000042    
   6.50000000       3.60000062       23.4000034    
   6.50000000       3.80000067       24.7000046    
   6.50000000       4.00000048       26.0000038    
   6.50000000       4.20000029       27.3000011    
   6.50000000       4.40000010       28.6000004    
   6.50000000       4.59999990       29.8999996    
   6.50000000       4.79999971       31.1999989    
   6.50000000       4.99999952       32.4999962    
   6.50000000       5.19999933       33.7999954    
   6.50000000       5.39999914       35.0999947    
   6.50000000       5.59999895       36.3999939    
   6.50000000       5.79999876       37.6999931    
   6.50000000       5.99999857       38.9999924    
   7.00000000       1.00000000       7.00000000    
   7.00000000       1.20000005       8.40000057    
   7.00000000       1.40000010       9.80000114    
   7.00000000       1.60000014       11.2000008    
   7.00000000       1.80000019       12.6000013    
   7.00000000       2.00000024       14.0000019    
   7.00000000       2.20000029       15.4000015    
   7.00000000       2.40000033       16.8000031    
   7.00000000       2.60000038       18.2000027    
   7.00000000       2.80000043       19.6000023    
   7.00000000       3.00000048       21.0000038    
   7.00000000       3.20000052       22.4000034    
   7.00000000       3.40000057       23.8000031    
   7.00000000       3.60000062       25.2000046    
   7.00000000       3.80000067       26.6000042    
   7.00000000       4.00000048       28.0000038    
   7.00000000       4.20000029       29.4000015    
   7.00000000       4.40000010       30.8000011    
   7.00000000       4.59999990       32.2000008    
   7.00000000       4.79999971       33.5999985    
   7.00000000       4.99999952       34.9999962    
   7.00000000       5.19999933       36.3999939    
   7.00000000       5.39999914       37.7999954    
   7.00000000       5.59999895       39.1999931    
   7.00000000       5.79999876       40.5999908    
   7.00000000       5.99999857       41.9999886    
   7.50000000       1.00000000       7.50000000    
   7.50000000       1.20000005       9.00000000    
   7.50000000       1.40000010       10.5000010    
   7.50000000       1.60000014       12.0000010    
   7.50000000       1.80000019       13.5000019    
   7.50000000       2.00000024       15.0000019    
   7.50000000       2.20000029       16.5000019    
   7.50000000       2.40000033       18.0000019    
   7.50000000       2.60000038       19.5000038    
   7.50000000       2.80000043       21.0000038    
   7.50000000       3.00000048       22.5000038    
   7.50000000       3.20000052       24.0000038    
   7.50000000       3.40000057       25.5000038    
   7.50000000       3.60000062       27.0000038    
   7.50000000       3.80000067       28.5000057    
   7.50000000       4.00000048       30.0000038    
   7.50000000       4.20000029       31.5000019    
   7.50000000       4.40000010       33.0000000    
   7.50000000       4.59999990       34.5000000    
   7.50000000       4.79999971       35.9999962    
   7.50000000       4.99999952       37.4999962    
   7.50000000       5.19999933       38.9999962    
   7.50000000       5.39999914       40.4999924    
   7.50000000       5.59999895       41.9999924    
   7.50000000       5.79999876       43.4999924    
   7.50000000       5.99999857       44.9999886    
   8.00000000       1.00000000       8.00000000    
   8.00000000       1.20000005       9.60000038    
   8.00000000       1.40000010       11.2000008    
   8.00000000       1.60000014       12.8000011    
   8.00000000       1.80000019       14.4000015    
   8.00000000       2.00000024       16.0000019    
   8.00000000       2.20000029       17.6000023    
   8.00000000       2.40000033       19.2000027    
   8.00000000       2.60000038       20.8000031    
   8.00000000       2.80000043       22.4000034    
   8.00000000       3.00000048       24.0000038    
   8.00000000       3.20000052       25.6000042    
   8.00000000       3.40000057       27.2000046    
   8.00000000       3.60000062       28.8000050    
   8.00000000       3.80000067       30.4000053    
   8.00000000       4.00000048       32.0000038    
   8.00000000       4.20000029       33.6000023    
   8.00000000       4.40000010       35.2000008    
   8.00000000       4.59999990       36.7999992    
   8.00000000       4.79999971       38.3999977    
   8.00000000       4.99999952       39.9999962    
   8.00000000       5.19999933       41.5999947    
   8.00000000       5.39999914       43.1999931    
   8.00000000       5.59999895       44.7999916    
   8.00000000       5.79999876       46.3999901    
   8.00000000       5.99999857       47.9999886    
   8.50000000       1.00000000       8.50000000    
   8.50000000       1.20000005       10.2000008    
   8.50000000       1.40000010       11.9000006    
   8.50000000       1.60000014       13.6000013    
   8.50000000       1.80000019       15.3000011    
   8.50000000       2.00000024       17.0000019    
   8.50000000       2.20000029       18.7000027    
   8.50000000       2.40000033       20.4000034    
   8.50000000       2.60000038       22.1000023    
   8.50000000       2.80000043       23.8000031    
   8.50000000       3.00000048       25.5000038    
   8.50000000       3.20000052       27.2000046    
   8.50000000       3.40000057       28.9000053    
   8.50000000       3.60000062       30.6000061    
   8.50000000       3.80000067       32.3000069    
   8.50000000       4.00000048       34.0000038    
   8.50000000       4.20000029       35.7000008    
   8.50000000       4.40000010       37.4000015    
   8.50000000       4.59999990       39.0999985    
   8.50000000       4.79999971       40.7999992    
   8.50000000       4.99999952       42.4999962    
   8.50000000       5.19999933       44.1999931    
   8.50000000       5.39999914       45.8999939    
   8.50000000       5.59999895       47.5999908    
   8.50000000       5.79999876       49.2999878    
   8.50000000       5.99999857       50.9999886    
   9.00000000       1.00000000       9.00000000    
   9.00000000       1.20000005       10.8000002    
   9.00000000       1.40000010       12.6000004    
   9.00000000       1.60000014       14.4000015    
   9.00000000       1.80000019       16.2000008    
   9.00000000       2.00000024       18.0000019    
   9.00000000       2.20000029       19.8000031    
   9.00000000       2.40000033       21.6000023    
   9.00000000       2.60000038       23.4000034    
   9.00000000       2.80000043       25.2000046    
   9.00000000       3.00000048       27.0000038    
   9.00000000       3.20000052       28.8000050    
   9.00000000       3.40000057       30.6000061    
   9.00000000       3.60000062       32.4000053    
   9.00000000       3.80000067       34.2000046    
   9.00000000       4.00000048       36.0000038    
   9.00000000       4.20000029       37.8000031    
   9.00000000       4.40000010       39.6000023    
   9.00000000       4.59999990       41.3999977    
   9.00000000       4.79999971       43.1999969    
   9.00000000       4.99999952       44.9999962    
   9.00000000       5.19999933       46.7999954    
   9.00000000       5.39999914       48.5999908    
   9.00000000       5.59999895       50.3999901    
   9.00000000       5.79999876       52.1999893    
   9.00000000       5.99999857       53.9999886    
   9.50000000       1.00000000       9.50000000    
   9.50000000       1.20000005       11.4000006    
   9.50000000       1.40000010       13.3000011    
   9.50000000       1.60000014       15.2000017    
   9.50000000       1.80000019       17.1000023    
   9.50000000       2.00000024       19.0000019    
   9.50000000       2.20000029       20.9000034    
   9.50000000       2.40000033       22.8000031    
   9.50000000       2.60000038       24.7000046    
   9.50000000       2.80000043       26.6000042    
   9.50000000       3.00000048       28.5000038    
   9.50000000       3.20000052       30.4000053    
   9.50000000       3.40000057       32.3000069    
   9.50000000       3.60000062       34.2000046    
   9.50000000       3.80000067       36.1000061    
   9.50000000       4.00000048       38.0000038    
   9.50000000       4.20000029       39.9000015    
   9.50000000       4.40000010       41.7999992    
   9.50000000       4.59999990       43.7000008    
   9.50000000       4.79999971       45.5999985    
   9.50000000       4.99999952       47.4999962    
   9.50000000       5.19999933       49.3999939    
   9.50000000       5.39999914       51.2999916    
   9.50000000       5.59999895       53.1999893    
   9.50000000       5.79999876       55.0999870    
   9.50000000       5.99999857       56.9999847    
   10.0000000       1.00000000       10.0000000    
   10.0000000       1.20000005       12.0000000    
   10.0000000       1.40000010       14.0000010    
   10.0000000       1.60000014       16.0000019    
   10.0000000       1.80000019       18.0000019    
   10.0000000       2.00000024       20.0000019    
   10.0000000       2.20000029       22.0000038    
   10.0000000       2.40000033       24.0000038    
   10.0000000       2.60000038       26.0000038    
   10.0000000       2.80000043       28.0000038    
   10.0000000       3.00000048       30.0000038    
   10.0000000       3.20000052       32.0000038    
   10.0000000       3.40000057       34.0000076    
   10.0000000       3.60000062       36.0000076    
   10.0000000       3.80000067       38.0000076    
   10.0000000       4.00000048       40.0000038    
   10.0000000       4.20000029       42.0000038    
   10.0000000       4.40000010       44.0000000    
   10.0000000       4.59999990       46.0000000    
   10.0000000       4.79999971       47.9999962    
   10.0000000       4.99999952       49.9999962    
   10.0000000       5.19999933       51.9999924    
   10.0000000       5.39999914       53.9999924    
   10.0000000       5.59999895       55.9999886    
   10.0000000       5.79999876       57.9999886    
   10.0000000       5.99999857       59.9999847    
   10.5000000       1.00000000       10.5000000    
   10.5000000       1.20000005       12.6000004    
   10.5000000       1.40000010       14.7000008    
   10.5000000       1.60000014       16.8000011    
   10.5000000       1.80000019       18.9000015    
   10.5000000       2.00000024       21.0000019    
   10.5000000       2.20000029       23.1000023    
   10.5000000       2.40000033       25.2000027    
   10.5000000       2.60000038       27.3000031    
   10.5000000       2.80000043       29.4000053    
   10.5000000       3.00000048       31.5000057    
   10.5000000       3.20000052       33.6000061    
   10.5000000       3.40000057       35.7000046    
   10.5000000       3.60000062       37.8000069    
   10.5000000       3.80000067       39.9000053    
   10.5000000       4.00000048       42.0000038    
   10.5000000       4.20000029       44.1000023    
   10.5000000       4.40000010       46.2000008    
   10.5000000       4.59999990       48.2999992    
   10.5000000       4.79999971       50.3999977    
   10.5000000       4.99999952       52.4999962    
   10.5000000       5.19999933       54.5999947    
   10.5000000       5.39999914       56.6999893    
   10.5000000       5.59999895       58.7999878    
   10.5000000       5.79999876       60.8999863    
   10.5000000       5.99999857       62.9999847    
   11.0000000       1.00000000       11.0000000    
   11.0000000       1.20000005       13.2000008    
   11.0000000       1.40000010       15.4000015    
   11.0000000       1.60000014       17.6000023    
   11.0000000       1.80000019       19.8000031    
   11.0000000       2.00000024       22.0000019    
   11.0000000       2.20000029       24.2000027    
   11.0000000       2.40000033       26.4000034    
   11.0000000       2.60000038       28.6000042    
   11.0000000       2.80000043       30.8000050    
   11.0000000       3.00000048       33.0000038    
   11.0000000       3.20000052       35.2000046    
   11.0000000       3.40000057       37.4000053    
   11.0000000       3.60000062       39.6000061    
   11.0000000       3.80000067       41.8000069    
   11.0000000       4.00000048       44.0000038    
   11.0000000       4.20000029       46.2000046    
   11.0000000       4.40000010       48.4000015    
   11.0000000       4.59999990       50.5999985    
   11.0000000       4.79999971       52.7999954    
   11.0000000       4.99999952       54.9999962    
   11.0000000       5.19999933       57.1999931    
   11.0000000       5.39999914       59.3999901    
   11.0000000       5.59999895       61.5999870    
   11.0000000       5.79999876       63.7999878    
   11.0000000       5.99999857       65.9999847    
   11.5000000       1.00000000       11.5000000    
   11.5000000       1.20000005       13.8000002    
   11.5000000       1.40000010       16.1000004    
   11.5000000       1.60000014       18.4000015    
   11.5000000       1.80000019       20.7000027    
   11.5000000       2.00000024       23.0000019    
   11.5000000       2.20000029       25.3000031    
   11.5000000       2.40000033       27.6000042    
   11.5000000       2.60000038       29.9000053    
   11.5000000       2.80000043       32.2000046    
   11.5000000       3.00000048       34.5000038    
   11.5000000       3.20000052       36.8000069    
   11.5000000       3.40000057       39.1000061    
   11.5000000       3.60000062       41.4000053    
   11.5000000       3.80000067       43.7000084    
   11.5000000       4.00000048       46.0000038    
   11.5000000       4.20000029       48.3000031    
   11.5000000       4.40000010       50.6000023    
   11.5000000       4.59999990       52.8999977    
   11.5000000       4.79999971       55.1999969    
   11.5000000       4.99999952       57.4999962    
   11.5000000       5.19999933       59.7999916    
   11.5000000       5.39999914       62.0999908    
   11.5000000       5.59999895       64.3999863    
   11.5000000       5.79999876       66.6999893    
   11.5000000       5.99999857       68.9999847    
   12.0000000       1.00000000       12.0000000    
   12.0000000       1.20000005       14.4000006    
   12.0000000       1.40000010       16.8000011    
   12.0000000       1.60000014       19.2000008    
   12.0000000       1.80000019       21.6000023    
   12.0000000       2.00000024       24.0000038    
   12.0000000       2.20000029       26.4000034    
   12.0000000       2.40000033       28.8000031    
   12.0000000       2.60000038       31.2000046    
   12.0000000       2.80000043       33.6000061    
   12.0000000       3.00000048       36.0000076    
   12.0000000       3.20000052       38.4000053    
   12.0000000       3.40000057       40.8000069    
   12.0000000       3.60000062       43.2000084    
   12.0000000       3.80000067       45.6000061    
   12.0000000       4.00000048       48.0000076    
   12.0000000       4.20000029       50.4000015    
   12.0000000       4.40000010       52.8000031    
   12.0000000       4.59999990       55.1999969    
   12.0000000       4.79999971       57.5999985    
   12.0000000       4.99999952       59.9999924    
   12.0000000       5.19999933       62.3999939    
   12.0000000       5.39999914       64.7999878    
   12.0000000       5.59999895       67.1999893    
   12.0000000       5.79999876       69.5999832    
   12.0000000       5.99999857       71.9999847    
   12.5000000       1.00000000       12.5000000    
   12.5000000       1.20000005       15.0000010    
   12.5000000       1.40000010       17.5000019    
   12.5000000       1.60000014       20.0000019    
   12.5000000       1.80000019       22.5000019    
   12.5000000       2.00000024       25.0000038    
   12.5000000       2.20000029       27.5000038    
   12.5000000       2.40000033       30.0000038    
   12.5000000       2.60000038       32.5000038    
   12.5000000       2.80000043       35.0000038    
   12.5000000       3.00000048       37.5000076    
   12.5000000       3.20000052       40.0000076    
   12.5000000       3.40000057       42.5000076    
   12.5000000       3.60000062       45.0000076    
   12.5000000       3.80000067       47.5000076    
   12.5000000       4.00000048       50.0000076    
   12.5000000       4.20000029       52.5000038    
   12.5000000       4.40000010       55.0000000    
   12.5000000       4.59999990       57.5000000    
   12.5000000       4.79999971       59.9999962    
   12.5000000       4.99999952       62.4999924    
   12.5000000       5.19999933       64.9999924    
   12.5000000       5.39999914       67.4999924    
   12.5000000       5.59999895       69.9999847    
   12.5000000       5.79999876       72.4999847    
   12.5000000       5.99999857       74.9999847    
   13.0000000       1.00000000       13.0000000    
   13.0000000       1.20000005       15.6000004    
   13.0000000       1.40000010       18.2000008    
   13.0000000       1.60000014       20.8000011    
   13.0000000       1.80000019       23.4000015    
   13.0000000       2.00000024       26.0000038    
   13.0000000       2.20000029       28.6000042    
   13.0000000       2.40000033       31.2000046    
   13.0000000       2.60000038       33.8000031    
   13.0000000       2.80000043       36.4000053    
   13.0000000       3.00000048       39.0000076    
   13.0000000       3.20000052       41.6000061    
   13.0000000       3.40000057       44.2000084    
   13.0000000       3.60000062       46.8000069    
   13.0000000       3.80000067       49.4000092    
   13.0000000       4.00000048       52.0000076    
   13.0000000       4.20000029       54.6000023    
   13.0000000       4.40000010       57.2000008    
   13.0000000       4.59999990       59.7999992    
   13.0000000       4.79999971       62.3999977    
   13.0000000       4.99999952       64.9999924    
   13.0000000       5.19999933       67.5999908    
   13.0000000       5.39999914       70.1999893    
   13.0000000       5.59999895       72.7999878    
   13.0000000       5.79999876       75.3999863    
   13.0000000       5.99999857       77.9999847    
   13.5000000       1.00000000       13.5000000    
   13.5000000       1.20000005       16.2000008    
   13.5000000       1.40000010       18.9000015    
   13.5000000       1.60000014       21.6000023    
   13.5000000       1.80000019       24.3000031    
   13.5000000       2.00000024       27.0000038    
   13.5000000       2.20000029       29.7000046    
   13.5000000       2.40000033       32.4000053    
   13.5000000       2.60000038       35.1000061    
   13.5000000       2.80000043       37.8000069    
   13.5000000       3.00000048       40.5000076    
   13.5000000       3.20000052       43.2000084    
   13.5000000       3.40000057       45.9000092    
   13.5000000       3.60000062       48.6000099    
   13.5000000       3.80000067       51.3000107    
   13.5000000       4.00000048       54.0000076    
   13.5000000       4.20000029       56.7000046    
   13.5000000       4.40000010       59.4000015    
   13.5000000       4.59999990       62.0999985    
   13.5000000       4.79999971       64.7999954    
   13.5000000       4.99999952       67.4999924    
   13.5000000       5.19999933       70.1999893    
   13.5000000       5.39999914       72.8999863    
   13.5000000       5.59999895       75.5999832    
   13.5000000       5.79999876       78.2999802    
   13.5000000       5.99999857       80.9999771    
   14.0000000       1.00000000       14.0000000    
   14.0000000       1.20000005       16.8000011    
   14.0000000       1.40000010       19.6000023    
   14.0000000       1.60000014       22.4000015    
   14.0000000       1.80000019       25.2000027    
   14.0000000       2.00000024       28.0000038    
   14.0000000       2.20000029       30.8000031    
   14.0000000       2.40000033       33.6000061    
   14.0000000       2.60000038       36.4000053    
   14.0000000       2.80000043       39.2000046    
   14.0000000       3.00000048       42.0000076    
   14.0000000       3.20000052       44.8000069    
   14.0000000       3.40000057       47.6000061    
   14.0000000       3.60000062       50.4000092    
   14.0000000       3.80000067       53.2000084    
   14.0000000       4.00000048       56.0000076    
   14.0000000       4.20000029       58.8000031    
   14.0000000       4.40000010       61.6000023    
   14.0000000       4.59999990       64.4000015    
   14.0000000       4.79999971       67.1999969    
   14.0000000       4.99999952       69.9999924    
   14.0000000       5.19999933       72.7999878    
   14.0000000       5.39999914       75.5999908    
   14.0000000       5.59999895       78.3999863    
   14.0000000       5.79999876       81.1999817    
   14.0000000       5.99999857       83.9999771    
   14.5000000       1.00000000       14.5000000    
   14.5000000       1.20000005       17.4000015    
   14.5000000       1.40000010       20.3000011    
   14.5000000       1.60000014       23.2000027    
   14.5000000       1.80000019       26.1000023    
   14.5000000       2.00000024       29.0000038    
   14.5000000       2.20000029       31.9000034    
   14.5000000       2.40000033       34.8000031    
   14.5000000       2.60000038       37.7000046    
   14.5000000       2.80000043       40.6000061    
   14.5000000       3.00000048       43.5000076    
   14.5000000       3.20000052       46.4000092    
   14.5000000       3.40000057       49.3000069    
   14.5000000       3.60000062       52.2000084    
   14.5000000       3.80000067       55.1000099    
   14.5000000       4.00000048       58.0000076    
   14.5000000       4.20000029       60.9000053    
   14.5000000       4.40000010       63.8000031    
   14.5000000       4.59999990       66.6999969    
   14.5000000       4.79999971       69.5999985    
   14.5000000       4.99999952       72.4999924    
   14.5000000       5.19999933       75.3999939    
   14.5000000       5.39999914       78.2999878    
   14.5000000       5.59999895       81.1999817    
   14.5000000       5.79999876       84.0999832    
   14.5000000       5.99999857       86.9999771    
   15.0000000       1.00000000       15.0000000    
   15.0000000       1.20000005       18.0000000    
   15.0000000       1.40000010       21.0000019    
   15.0000000       1.60000014       24.0000019    
   15.0000000       1.80000019       27.0000038    
   15.0000000       2.00000024       30.0000038    
   15.0000000       2.20000029       33.0000038    
   15.0000000       2.40000033       36.0000038    
   15.0000000       2.60000038       39.0000076    
   15.0000000       2.80000043       42.0000076    
   15.0000000       3.00000048       45.0000076    
   15.0000000       3.20000052       48.0000076    
   15.0000000       3.40000057       51.0000076    
   15.0000000       3.60000062       54.0000076    
   15.0000000       3.80000067       57.0000114    
   15.0000000       4.00000048       60.0000076    
   15.0000000       4.20000029       63.0000038    
   15.0000000       4.40000010       66.0000000    
   15.0000000       4.59999990       69.0000000    
   15.0000000       4.79999971       71.9999924    
   15.0000000       4.99999952       74.9999924    
   15.0000000       5.19999933       77.9999924    
   15.0000000       5.39999914       80.9999847    
   15.0000000       5.59999895       83.9999847    
   15.0000000       5.79999876       86.9999847    
   15.0000000       5.99999857       89.9999771    
   15.5000000       1.00000000       15.5000000    
   15.5000000       1.20000005       18.6000004    
   15.5000000       1.40000010       21.7000008    
   15.5000000       1.60000014       24.8000031    
   15.5000000       1.80000019       27.9000034    
   15.5000000       2.00000024       31.0000038    
   15.5000000       2.20000029       34.1000061    
   15.5000000       2.40000033       37.2000046    
   15.5000000       2.60000038       40.3000069    
   15.5000000       2.80000043       43.4000053    
   15.5000000       3.00000048       46.5000076    
   15.5000000       3.20000052       49.6000099    
   15.5000000       3.40000057       52.7000084    
   15.5000000       3.60000062       55.8000107    
   15.5000000       3.80000067       58.9000092    
   15.5000000       4.00000048       62.0000076    
   15.5000000       4.20000029       65.1000061    
   15.5000000       4.40000010       68.2000046    
   15.5000000       4.59999990       71.2999954    
   15.5000000       4.79999971       74.3999939    
   15.5000000       4.99999952       77.4999924    
   15.5000000       5.19999933       80.5999908    
   15.5000000       5.39999914       83.6999893    
   15.5000000       5.59999895       86.7999802    
   15.5000000       5.79999876       89.8999786    
   15.5000000       5.99999857       92.9999771    
   16.0000000       1.00000000       16.0000000    
   16.0000000       1.20000005       19.2000008    
   16.0000000       1.40000010       22.4000015    
   16.0000000       1.60000014       25.6000023    
   16.0000000       1.80000019       28.8000031    
   16.0000000       2.00000024       32.0000038    
   16.0000000       2.20000029       35.2000046    
   16.0000000       2.40000033       38.4000053    
   16.0000000       2.60000038       41.6000061    
   16.0000000       2.80000043       44.8000069    
   16.0000000       3.00000048       48.0000076    
   16.0000000       3.20000052       51.2000084    
   16.0000000       3.40000057       54.4000092    
   16.0000000       3.60000062       57.6000099    
   16.0000000       3.80000067       60.8000107    
   16.0000000       4.00000048       64.0000076    
   16.0000000       4.20000029       67.2000046    
   16.0000000       4.40000010       70.4000015    
   16.0000000       4.59999990       73.5999985    
   16.0000000       4.79999971       76.7999954    
   16.0000000       4.99999952       79.9999924    
   16.0000000       5.19999933       83.1999893    
   16.0000000       5.39999914       86.3999863    
   16.0000000       5.59999895       89.5999832    
   16.0000000       5.79999876       92.7999802    
   16.0000000       5.99999857       95.9999771    
   16.5000000       1.00000000       16.5000000    
   16.5000000       1.20000005       19.8000011    
   16.5000000       1.40000010       23.1000023    
   16.5000000       1.60000014       26.4000015    
   16.5000000       1.80000019       29.7000027    
   16.5000000       2.00000024       33.0000038    
   16.5000000       2.20000029       36.3000031    
   16.5000000       2.40000033       39.6000061    
   16.5000000       2.60000038       42.9000053    
   16.5000000       2.80000043       46.2000084    
   16.5000000       3.00000048       49.5000076    
   16.5000000       3.20000052       52.8000069    
   16.5000000       3.40000057       56.1000099    
   16.5000000       3.60000062       59.4000092    
   16.5000000       3.80000067       62.7000122    
   16.5000000       4.00000048       66.0000076    
   16.5000000       4.20000029       69.3000031    
   16.5000000       4.40000010       72.5999985    
   16.5000000       4.59999990       75.9000015    
   16.5000000       4.79999971       79.1999969    
   16.5000000       4.99999952       82.4999924    
   16.5000000       5.19999933       85.7999878    
   16.5000000       5.39999914       89.0999832    
   16.5000000       5.59999895       92.3999863    
   16.5000000       5.79999876       95.6999817    
   16.5000000       5.99999857       98.9999771    
   17.0000000       1.00000000       17.0000000    
   17.0000000       1.20000005       20.4000015    
   17.0000000       1.40000010       23.8000011    
   17.0000000       1.60000014       27.2000027    
   17.0000000       1.80000019       30.6000023    
   17.0000000       2.00000024       34.0000038    
   17.0000000       2.20000029       37.4000053    
   17.0000000       2.40000033       40.8000069    
   17.0000000       2.60000038       44.2000046    
   17.0000000       2.80000043       47.6000061    
   17.0000000       3.00000048       51.0000076    
   17.0000000       3.20000052       54.4000092    
   17.0000000       3.40000057       57.8000107    
   17.0000000       3.60000062       61.2000122    
   17.0000000       3.80000067       64.6000137    
   17.0000000       4.00000048       68.0000076    
   17.0000000       4.20000029       71.4000015    
   17.0000000       4.40000010       74.8000031    
   17.0000000       4.59999990       78.1999969    
   17.0000000       4.79999971       81.5999985    
   17.0000000       4.99999952       84.9999924    
   17.0000000       5.19999933       88.3999863    
   17.0000000       5.39999914       91.7999878    
   17.0000000       5.59999895       95.1999817    
   17.0000000       5.79999876       98.5999756    
   17.0000000       5.99999857       101.999977    
   17.5000000       1.00000000       17.5000000    
   17.5000000       1.20000005       21.0000000    
   17.5000000       1.40000010       24.5000019    
   17.5000000       1.60000014       28.0000019    
   17.5000000       1.80000019       31.5000038    
   17.5000000       2.00000024       35.0000038    
   17.5000000       2.20000029       38.5000038    
   17.5000000       2.40000033       42.0000076    
   17.5000000       2.60000038       45.5000076    
   17.5000000       2.80000043       49.0000076    
   17.5000000       3.00000048       52.5000076    
   17.5000000       3.20000052       56.0000076    
   17.5000000       3.40000057       59.5000114    
   17.5000000       3.60000062       63.0000114    
   17.5000000       3.80000067       66.5000153    
   17.5000000       4.00000048       70.0000076    
   17.5000000       4.20000029       73.5000076    
   17.5000000       4.40000010       77.0000000    
   17.5000000       4.59999990       80.5000000    
   17.5000000       4.79999971       83.9999924    
   17.5000000       4.99999952       87.4999924    
   17.5000000       5.19999933       90.9999847    
   17.5000000       5.39999914       94.4999847    
   17.5000000       5.59999895       97.9999847    
   17.5000000       5.79999876       101.499977    
   17.5000000       5.99999857       104.999977    
   18.0000000       1.00000000       18.0000000    
   18.0000000       1.20000005       21.6000004    
   18.0000000       1.40000010       25.2000008    
   18.0000000       1.60000014       28.8000031    
   18.0000000       1.80000019       32.4000015    
   18.0000000       2.00000024       36.0000038    
   18.0000000       2.20000029       39.6000061    
   18.0000000       2.40000033       43.2000046    
   18.0000000       2.60000038       46.8000069    
   18.0000000       2.80000043       50.4000092    
   18.0000000       3.00000048       54.0000076    
   18.0000000       3.20000052       57.6000099    
   18.0000000       3.40000057       61.2000122    
   18.0000000       3.60000062       64.8000107    
   18.0000000       3.80000067       68.4000092    
   18.0000000       4.00000048       72.0000076    
   18.0000000       4.20000029       75.6000061    
   18.0000000       4.40000010       79.2000046    
   18.0000000       4.59999990       82.7999954    
   18.0000000       4.79999971       86.3999939    
   18.0000000       4.99999952       89.9999924    
   18.0000000       5.19999933       93.5999908    
   18.0000000       5.39999914       97.1999817    
   18.0000000       5.59999895       100.799980    
   18.0000000       5.79999876       104.399979    
   18.0000000       5.99999857       107.999977    
   18.5000000       1.00000000       18.5000000    
   18.5000000       1.20000005       22.2000008    
   18.5000000       1.40000010       25.9000015    
   18.5000000       1.60000014       29.6000023    
   18.5000000       1.80000019       33.3000031    
   18.5000000       2.00000024       37.0000038    
   18.5000000       2.20000029       40.7000046    
   18.5000000       2.40000033       44.4000053    
   18.5000000       2.60000038       48.1000061    
   18.5000000       2.80000043       51.8000069    
   18.5000000       3.00000048       55.5000076    
   18.5000000       3.20000052       59.2000084    
   18.5000000       3.40000057       62.9000092    
   18.5000000       3.60000062       66.6000137    
   18.5000000       3.80000067       70.3000107    
   18.5000000       4.00000048       74.0000076    
   18.5000000       4.20000029       77.7000046    
   18.5000000       4.40000010       81.4000015    
   18.5000000       4.59999990       85.0999985    
   18.5000000       4.79999971       88.7999954    
   18.5000000       4.99999952       92.4999924    
   18.5000000       5.19999933       96.1999893    
   18.5000000       5.39999914       99.8999863    
   18.5000000       5.59999895       103.599983    
   18.5000000       5.79999876       107.299980    
   18.5000000       5.99999857       110.999977    
   19.0000000       1.00000000       19.0000000    
   19.0000000       1.20000005       22.8000011    
   19.0000000       1.40000010       26.6000023    
   19.0000000       1.60000014       30.4000034    
   19.0000000       1.80000019       34.2000046    
   19.0000000       2.00000024       38.0000038    
   19.0000000       2.20000029       41.8000069    
   19.0000000       2.40000033       45.6000061    
   19.0000000       2.60000038       49.4000092    
   19.0000000       2.80000043       53.2000084    
   19.0000000       3.00000048       57.0000076    
   19.0000000       3.20000052       60.8000107    
   19.0000000       3.40000057       64.6000137    
   19.0000000       3.60000062       68.4000092    
   19.0000000       3.80000067       72.2000122    
   19.0000000       4.00000048       76.0000076    
   19.0000000       4.20000029       79.8000031    
   19.0000000       4.40000010       83.5999985    
   19.0000000       4.59999990       87.4000015    
   19.0000000       4.79999971       91.1999969    
   19.0000000       4.99999952       94.9999924    
   19.0000000       5.19999933       98.7999878    
   19.0000000       5.39999914       102.599983    
   19.0000000       5.59999895       106.399979    
   19.0000000       5.79999876       110.199974    
   19.0000000       5.99999857       113.999969    
   19.5000000       1.00000000       19.5000000    
   19.5000000       1.20000005       23.4000015    
   19.5000000       1.40000010       27.3000011    
   19.5000000       1.60000014       31.2000027    
   19.5000000       1.80000019       35.1000023    
   19.5000000       2.00000024       39.0000038    
   19.5000000       2.20000029       42.9000053    
   19.5000000       2.40000033       46.8000069    
   19.5000000       2.60000038       50.7000084    
   19.5000000       2.80000043       54.6000099    
   19.5000000       3.00000048       58.5000076    
   19.5000000       3.20000052       62.4000092    
   19.5000000       3.40000057       66.3000107    
   19.5000000       3.60000062       70.2000122    
   19.5000000       3.80000067       74.1000137    
   19.5000000       4.00000048       78.0000076    
   19.5000000       4.20000029       81.9000092    
   19.5000000       4.40000010       85.8000031    
   19.5000000       4.59999990       89.6999969    
   19.5000000       4.79999971       93.5999908    
   19.5000000       4.99999952       97.4999924    
   19.5000000       5.19999933       101.399986    
   19.5000000       5.39999914       105.299980    
   19.5000000       5.59999895       109.199982    
   19.5000000       5.79999876       113.099976    
   19.5000000       5.99999857       116.999969    
   20.0000000       1.00000000       20.0000000    
   20.0000000       1.20000005       24.0000000    
   20.0000000       1.40000010       28.0000019    
   20.0000000       1.60000014       32.0000038    
   20.0000000       1.80000019       36.0000038    
   20.0000000       2.00000024       40.0000038    
   20.0000000       2.20000029       44.0000076    
   20.0000000       2.40000033       48.0000076    
   20.0000000       2.60000038       52.0000076    
   20.0000000       2.80000043       56.0000076    
   20.0000000       3.00000048       60.0000076    
   20.0000000       3.20000052       64.0000076    
   20.0000000       3.40000057       68.0000153    
   20.0000000       3.60000062       72.0000153    
   20.0000000       3.80000067       76.0000153    
   20.0000000       4.00000048       80.0000076    
   20.0000000       4.20000029       84.0000076    
   20.0000000       4.40000010       88.0000000    
   20.0000000       4.59999990       92.0000000    
   20.0000000       4.79999971       95.9999924    
   20.0000000       4.99999952       99.9999924    
   20.0000000       5.19999933       103.999985    
   20.0000000       5.39999914       107.999985    
   20.0000000       5.59999895       111.999977    
   20.0000000       5.79999876       115.999977    
   20.0000000       5.99999857       119.999969    
